2392709985
2850135071
2732594572
2988491347
3230865310
2929123989
2788256295
2297098490
2200148440
2460154811
2071347174
3230874845
2849467715
2335368829
2423906082
2774834715
2337452747
2599752664
2384329562
2554699200
2447729538
2091564445
2687798127
2810471370
2808679062
2753894806
2313387159
2594865484
2725360009
2736059670
2711057211
2763647806
2685168362
2728416041
2914075159
2553809727
2859296947
2169435993
2701170568
2688538916
2616986064
2688884240
2710167561
2971767698
2754567348
2786499395
2659216714
2657661246
1938484133
2815560151
2465017864
2769706949
2613146550
2648779556
2619072426
2696083206
2503622437
2694448564
3197857648
3212598831
2463184726
2673713236
2974760428
2852333263
2852704777
2879745353

-- cars --

2781895054
2469388752
2489148104
2516123638
2522173579
2441990998
2443275640
2422681177
2409333430
2642541073
2778576730
2282429356
2592358528
2636100523
1510950729
2749103052
2759339330
2793164190
2739565754
2799925193
2793935263
2787752761
2782916396
2478247379
2618213077
2566953935

-- maps --

2693585128
1516836158
3045726312
3149613879
2707344076
2783179512
2536865912